tokentID: 11 Sun Aug 04 2024 18:44:57 GMT+0000 (Coordinated Universal Time)
tokentID: 0.0.4653747 Sun Aug 04 2024 18:45:38 GMT+0000 (Coordinated Universal Time)
tokentID: 0.0.4653762 Sun Aug 04 2024 18:53:55 GMT+0000 (Coordinated Universal Time)
